image: 2_2dlidar_cartographer.pgm
resolution: 0.050000
origin: [-1.470266, -15.391783, 0.000000]
negate: 0
occupied_thresh: 0.65
free_thresh: 0.196

