image: 2_2dlidar_cartographer_test2.pgm
resolution: 0.050000
origin: [-1.484341, -15.405042, 0.000000]
negate: 0
occupied_thresh: 0.65
free_thresh: 0.196

